01500251;57374720386893;Florida;6395,62
01500251;24568507725351;Florida;6944,37
01500251;49843208771187;Florida;-8320,20
01500251;07057543068101;Florida;7051,26
01500262;40107443390303;Centro;6845,62
01500262;40082573520358;Centro;7078,29
01500262;23364035170447;Centro;11019,53
01500273;07704357825313;Central;8845,62
01500273;91045058263888;Central;-117,00
01500273;85776832787797;Central;11047,71
01500284;39879462675982;Catamarca;8891,12
01500284;07200448856446;Catamarca;-1664,04
01500284;85535348179070;Catamarca;11045,95
01500295;19364159174732;Chaco;-968,09
01500295;04782397032639;Chaco;2907,54
01500295;95920818018050;Chaco;11043,78
01500306;09552540788912;Chubut;-5551,68
01500306;08820929370869;Chubut;2999,70
01500306;57928857228740;Chubut;11042,22
01500310;61864067833941;Cordoba;6626,08
01500310;94704296018910;Cordoba;5195,63
01500310;81034574433781;Cordoba;19623,63
01500321;24215404458661;Corrientes;6705,08
01500321;09982963763247;Corrientes;6112,10
01500321;84484750556541;Corrientes;-1534,81