Plan Sueldos;01700005;017;0000;5;0150216161230;7;12967,90
Plan Sueldos;01700274;017;0027;4;0151034574433;0;8128,97
Plan Sueldos;01700871;017;0087;1;0151449539464;3;11514,36
Plan Sueldos;01700005;017;0000;5;0151581088571;0;12914,36
Plan Sueldos;01700871;017;0087;1;0153747203868;4;12913,37
Plan Sueldos;01700285;017;0028;5;0154484750556;1;8528,97
Plan Sueldos;01700300;017;0030;0;0154627168432;5;9754,03
Plan Sueldos;01700823;017;0082;3;0155436231889;4;11349,62
Plan Sueldos;01700005;017;0000;5;0155535348179;7;7079,26
Plan Sueldos;01700252;017;0025;2;0155920818018;8;7629,26
Plan Sueldos;01700296;017;0029;6;0157057543068;2;9154,03
Plan Sueldos;01700263;017;0026;3;0157928857228;9;7738,97
Plan Sueldos;01700322;017;0032;2;0159068673278;1;9949,62
Plan Sueldos;01700311;017;0031;1;0159275366397;8;9818,03