000002728;0140082555000002728005;-1000;;;;;;;;;;
012128301;0140087355012128301003;1638,94;;;;;;;;;;
000043650;0140000055000043650005;-1726,88;;;;;;;;;;
000042115;0140000055000042115003;3268,16;;;;;;;;;;
036285618;0140087355036285618005;4236,25;;;;;;;;;;
062831063;0140087355062831063001;9787,93;;;;;;;;;;
000002291;0140087355000002291002;0,39;;;;;;;;;;
003592321;0140087355003592321005;-377,88;;;;;;;;;;
001705044;0140087355001705044005;10282,42;;;;;;;;;;
000002288;0140082555000002288006;11946,46;;;;;;;;;;
000002287;0140082555000002287005;20266,66;;;;;;;;;;
012346999;0140087355012346999000;5000;;;;;;;;;;
000002285;0140000055000002285003;5,76;;;;;;;;;;
000008023;0140000055000008023001;-1500;;;;;;;;;;
000007558;0140000055000007558005;9787,54;;;;;;;;;;
000007554;0140000055000007554001;10165,42;;;;;;;;;;
000002728;0140082574984320877115;645,41;;;;;;;;;;
012128301;0140087392336403517043;1645,41;;;;;;;;;;
000043650;0140000048577683278775;6,47;;;;;;;;;;
000042115;0140000038553534817903;1733,35;;;;;;;;;;
036285618;0140087339592081801805;16760,9;;;;;;;;;;
062831063;0140087365792885722871;17260,9;;;;;;;;;;
000002291;0140087308103457443372;-768;;;;;;;;;;
003592321;0140087398448475055655;1870,94;;;;;;;;;;
001705044;0140087300705754306815;5000;;;;;;;;;;
000002288;0140082593462716843216;5879,61;;;;;;;;;;
000002287;0140082544927536639755;5579,61;;;;;;;;;;
012346999;0140087340906867327830;5879,61;;;;;;;;;;
000002285;0140000011543623188923;6379,08;;;;;;;;;;
000008023;0140000009144953946451;15260,9;;;;;;;;;;
000007558;0140000028158108857155;5245,62;;;;;;;;;;
000007554;0140000078021616123061;5845,62;;;;;;;;;;