'0000367';016;0026;6;3462716843215;0;0160026634627168432150;0,37
'0000366';016;0027;0;4927536639750;4;0160027049275366397504;2,37
'0000365';016;0028;1;0906867327831;4;0160028109068673278314;797,32
'0000364';016;0029;2;1543623188922;4;0160029215436231889224;8517,32
'0000363';016;0030;3;9144953946451;4;0160030391449539464514;8545,32
'0000362';016;0031;4;8158108857155;4;0160031481581088571554;185,32
'0000361';016;0032;5;8021616123067;5;0160032580216161230675;81,11
'0000360';016;0082;6;7374720386895;5;0160082673747203868955;1,11
'0000359';016;0087;4;0107443390308;5;0160087401074433903085;25,20
'0000357';016;0000;1;7704357825311;2;0160000177043578253112;221,76
'0000356';016;0000;1;9879462675988;2;0160000198794626759882;10219,76
'0000355';016;0087;4;9364159174731;3;0160087493641591747313;1015,67
'0000354';016;0087;4;9552540788914;3;0160087495525407889143;4215,67
'0000353';016;0087;4;1864067833948;4;0160087418640678339484;15622,60
'0000352';016;0087;4;4215404458660;4;0160087442154044586604;5848,52
'0000351';016;0087;4;4568507725356;5;0160087445685077253565;16814,99
'0000350';016;0082;6;0082573520354;5;0160082600825735203545;8283,86
'0000349';016;0082;6;1045058263885;6;0160082610450582638856;133,86
'0000348';016;0087;4;7200448856449;6;0160087472004488564496;12714,66
'0000347';016;0000;1;4782397032632;7;0160000147823970326327;634,64
'0000346';016;0000;1;8820929370862;7;0160000188209293708627;633,81
'0000345';016;0000;1;4704296018918;8;0160000147042960189188;1583,81
'0000343';016;0000;1;9982963763242;8;0160000199829637632428;1726,81
'0000339';016;0082;6;0159843208771;9;0160082601598432087719;2676,81
'0000337';016;0087;4;0153364035170;0;0160087401533640351700;2725,23
'0000336';016;0000;1;0155776832787;9;0160000101557768327879;2808,54